# Fits + invcov
ms = 4.98449461e+02 
B/A = -1.62694175e+01  
p0 = 1.50132661e-01  
M*/M = 6.01705100e-01 
K0 = 2.41355175e+02  
J0 = 3.26963907e+01  
L0 = 4.89500810e+01  
zeta = 6.70045727e-04
#
49.55907298980848  -2370.2230094955335  -3120107.304363936  -33775.52390880565  -1754.1151424362197  21732.007220847037  -2896.6279142920744  -24194876.761594724
-2370.223009767083  175257.06487888115  350370694.3072802  3773327.792656801  195860.83452674697  -2447268.821202324  318290.9003738095  2733228934.0763965
-3120107.305983296  350370694.35742545  1510203228238.901  17283129857.318626  846776763.3267123  -10592064440.130466  1378281839.9378498  11792038088857.912
-33775.52392735776  3773327.7932333522  17283129857.331047  199548013.19456226  9694767.742966553  -121254013.92472556  15794713.273109734  134937421560.28554
-1754.1151433427615  195860.83455473316  846776763.3262446  9694767.742954258  474819.8129778976  -5939134.349769529  772944.1267625958  6611781475.057071
21732.007232213087  -2447268.8215550194  -10592064440.134518  -121254013.92468472  -5939134.34977508  74291615.84861228  -9667600.336578857  -82708744762.96547
-2896.6279157643908  318290.90041889646  1378281839.9347317  15794713.273062713  772944.1267612743  -9667600.336553287  1258746.38299245  10762721950.913088
-24194876.774246324  2733228934.4693556  11792038088865.596  134937421560.27696  6611781475.065033  -82708744762.98776  10762721950.944462  92086375258424.34