1.6090837281358249e-6  5.1544467326092948e-7  5.3796024865494449e-6  -3.0803272521430111e-7  1.3319987685576352e-5  6.4593470397842894e-5  7.9161167779013494e-6  -1.5083072765382045e-6
5.1544467326092948e-7  2.3359189918818269e-6  -9.4822077144888018e-7  4.2974214738758871e-7  -3.0970696313120685e-5  -2.6609734572697322e-4  -9.3092263538173105e-5  1.4760200065319903e-6
5.3796024865494449e-6  -9.4822077144888018e-7  4.9446723664593745e-5  -2.4249747415858304e-5  1.0096356130913002e-4  8.6700108603902286e-4  2.2862347533564415e-4  -1.0442283813469209e-5
-3.0803272521430111e-7  4.2974214738758871e-7  -2.4249747415858304e-5  1.4740699226137367e-4  -1.9715121403136144e-4  -1.5891334153118612e-3  -5.0006794557276406e-4  3.0901078302039265e-5
1.3319987685576352e-5  -3.0970696313120685e-5  1.0096356130913002e-4  -1.9715121403136144e-4  1.1558735484624894e-3  8.7871479201317611e-3  2.5088791120397684e-3  -8.4712662226262242e-5
6.4593470397842894e-5  -2.6609734572697322e-4  8.6700108603902286e-4  -1.5891334153118612e-3  8.7871479201317611e-3  7.1140039403081737e-2  2.0684326922382812e-2  -6.4604303490724334e-4
7.9161167779013494e-6  -9.3092263538173105e-5  2.2862347533564415e-4  -5.0006794557276406e-4  2.5088791120397684e-3  2.0684326922382812e-2  6.8894236541875830e-3  -1.9948586173636502e-4
-1.5083072765382045e-6  1.4760200065319903e-6  -1.0442283813469209e-5  3.0901078302039265e-5  -8.4712662226262242e-5  -6.4604303490724334e-4  -1.9948586173636502e-4  9.6523836443735022e-6