5.626386492404949e-04  6.564212561858085e-01
6.247929066443015e-04  6.982103893018348e-01
6.913638745030562e-04  7.408890371505095e-01
7.625031547444399e-04  7.844240412163117e-01
8.383623492961344e-04  8.287830541876247e-01
9.190930600858202e-04  8.739345786812009e-01
1.004846889041179e-03  9.198480108913145e-01
1.095775438089892e-03  9.664936814480143e-01
1.192030309159640e-03  1.013842896478536e+00
1.293763104178105e-03  1.061867979825479e+00
1.401125425072968e-03  1.110542313474070e+00
1.514268873771909e-03  1.159840380005562e+00
1.633345052202612e-03  1.209737801853748e+00
1.758505562292755e-03  1.260211383627961e+00
1.889902005970021e-03  1.311239149744324e+00
2.027685985162092e-03  1.362800384527759e+00
2.172009101796647e-03  1.414875670051742e+00
2.323022957801369e-03  1.467446922998192e+00
2.480879155103938e-03  1.520497431160379e+00
2.645729295632037e-03  1.574011886865264e+00
2.817724981313345e-03  1.627976421126505e+00
2.997017814075546e-03  1.682378634525776e+00
3.183759395846319e-03  1.737207626895952e+00
3.378101328553345e-03  1.792454025318193e+00
3.580195214124307e-03  1.848110009133393e+00
3.790192654486885e-03  1.904169333677601e+00
4.008245251568760e-03  1.960627351114908e+00
4.234504607297615e-03  2.017481028203292e+00
4.469122323601130e-03  2.074728961872324e+00
4.712250002406985e-03  2.132371391663469e+00
4.964039245642864e-03  2.190410208889489e+00
5.224641655236446e-03  2.248848962421334e+00
5.494208833115413e-03  2.307692861093187e+00
5.772892381207445e-03  2.366948772632554e+00
6.060843901440226e-03  2.426625218195682e+00
6.358214995741436e-03  2.486732363545343e+00
6.665157266038753e-03  2.547282005602824e+00
6.981822314259865e-03  2.608287555041215e+00
7.308361742332447e-03  2.669764014107955e+00
7.644927152184184e-03  2.731727950233108e+00
7.991670145742756e-03  2.794197464530384e+00
8.348742324935841e-03  2.857192156046949e+00
8.716295291691127e-03  2.920733080341506e+00
9.094480647936290e-03  2.984842703782192e+00
9.483449995599011e-03  3.049544852399094e+00
9.883354936606976e-03  3.114864655592783e+00
1.029434707288786e-02  3.180828484773428e+00
1.071657800636935e-02  3.247463886852302e+00
1.115019933897913e-02  3.314799512360764e+00
1.159536267264486e-02  3.382865038590580e+00
1.205221960929425e-02  3.451691087527706e+00
1.252092175085497e-02  3.521309138780907e+00
1.300162069925469e-02  3.591751437480298e+00
1.349446805642111e-02  3.663050897516086e+00
1.399961542428190e-02  3.735241000072278e+00
1.451721440476474e-02  3.808355687680319e+00
1.504741659979732e-02  3.882429254097701e+00
1.559037361130731e-02  3.957496230284960e+00
1.614623704122240e-02  4.033591266646226e+00
1.671515849147027e-02  4.110749012080191e+00
1.729728956397859e-02  4.189003989991761e+00
1.789278186067506e-02  4.268390471930957e+00
1.850178698348735e-02  4.348942349081540e+00
1.912445653434315e-02  4.430693002273756e+00
1.976094211517012e-02  4.513675170963666e+00
2.041139532789596e-02  4.597920821758294e+00
2.107596777444836e-02  4.683461017210220e+00
2.175481105675497e-02  4.770325785343175e+00
2.244807677674350e-02  4.858543990740486e+00
2.315591653634162e-02  4.948143207882595e+00
2.387848193747701e-02  5.039149597441224e+00
2.461592458207735e-02  5.131587786311229e+00
2.536839607207033e-02  5.225480752256317e+00
2.613604800938362e-02  5.320849713832558e+00
2.691903199594491e-02  5.417714026536828e+00
2.771749963368188e-02  5.516091085976882e+00
2.853160252452221e-02  5.615996238921184e+00
2.936149227039358e-02  5.717442703000643e+00
3.020732047322367e-02  5.820441495996420e+00
3.106923873494016e-02  5.925001375415945e+00
3.194739865747073e-02  6.031128789268564e+00
3.284195184274308e-02  6.138827838699171e+00
3.375304989268487e-02  6.248100253286793e+00
3.468084440922378e-02  6.358945379690113e+00
3.562548699428750e-02  6.471360184236005e+00
3.658712924980372e-02  6.585339270160148e+00
3.756592277770011e-02  6.700874909890217e+00
3.856201917990435e-02  6.817957092995130e+00
3.957557005834413e-02  6.936573590096941e+00
4.060672701494712e-02  7.056710033157515e+00
4.165564165164101e-02  7.178350012334363e+00
4.272246557035346e-02  7.301475189691473e+00
4.380735037301220e-02  7.426065429739424e+00
4.491044766154486e-02  7.552098946947581e+00
4.603190903787914e-02  7.679552470111162e+00
4.717188610394273e-02  7.808401423425039e+00
4.833053046166330e-02  7.938620124110571e+00
4.950799371296854e-02  8.070181996226779e+00
5.070442745978612e-02  8.203059800348456e+00
5.191998330404373e-02  8.337225878643267e+00
5.315481284766905e-02  8.472652414860818e+00
5.440906769258976e-02  8.609311708635346e+00
5.568289944073354e-02  8.747176463490064e+00
5.697645969402808e-02  8.886220087866263e+00
5.828990005440104e-02  9.026417008433668e+00
5.962337212378013e-02  9.167742994903051e+00
6.097702750409301e-02  9.310175495559065e+00
6.235101779726736e-02  9.453693982664618e+00
6.374549460523088e-02  9.598280306840138e+00
6.516060952991123e-02  9.743919059607606e+00
6.659651417323610e-02  9.890597943124703e+00
6.805336013713319e-02  1.003830814625394e+01
6.953129902353014e-02  1.018704472603645e+01
7.103048243435468e-02  1.033680699365686e+01
7.255106197153445e-02  1.048759890398333e+01
7.409318923699715e-02  1.063942944779387e+01
7.565701583267045e-02  1.079231304575194e+01
7.724269336048206e-02  1.094626994328769e+01
7.885037342235963e-02  1.110132660545423e+01
8.048020762023085e-02  1.125751611092539e+01
8.213234755602340e-02  1.141487854425679e+01
8.380694483166498e-02  1.157346138557546e+01
8.550415104908325e-02  1.173331989687472e+01
8.722411781020591e-02  1.189451750407068e+01
8.896699671696059e-02  1.205712617405652e+01
9.073293937127505e-02  1.222122678595474e+01
9.252209737507691e-02  1.238690949578233e+01
9.433462233029388e-02  1.255427409382867e+01
9.617066583885363e-02  1.272343035397114e+01
9.803037950268383e-02  1.289449837426605e+01
9.991391492371220e-02  1.306760890813075e+01
1.018214237038664e-01  1.324290368547622e+01
1.037530574450741e-01  1.342053572321470e+01
1.057089677492630e-01  1.360066962456699e+01
1.076893062183607e-01  1.378348186668904e+01
1.096942244542950e-01  1.396916107620063e+01
1.117238740589936e-01  1.415790829221976e+01
1.137784066343840e-01  1.434993721667206e+01
1.158579737823941e-01  1.454547445166190e+01
1.179627271049514e-01  1.474475972384141e+01
1.200928182039837e-01  1.494804609582548e+01
1.222483986814186e-01  1.515560016480651e+01
1.244296201391839e-01  1.536770224867973e+01
1.266366341792071e-01  1.558464656014553e+01
1.288695924034161e-01  1.580674136936148e+01
1.311286464137383e-01  1.603430915593833e+01
1.334139478121017e-01  1.626768675117944e+01
1.357256482004338e-01  1.650722547165151e+01
1.380638991806623e-01  1.675329124531675e+01
1.404288523547148e-01  1.700626473158741e+01
1.428206593245192e-01  1.726654143681162e+01
1.452394716920029e-01  1.753453182677640e+01
1.476854410590938e-01  1.781066143791008e+01
1.501587190277197e-01  1.809537098890894e+01
1.526594571998079e-01  1.838911649448994e+01
1.551878071772864e-01  1.869236938297411e+01
1.577439205620827e-01  1.900561661926508e+01
1.603279489561246e-01  1.932936083467882e+01
1.629400439613397e-01  1.966412046482901e+01
1.655803571796556e-01  2.001042989652399e+01
1.682490402130002e-01  2.036883962427100e+01
1.709462446633010e-01  2.073991641656482e+01
1.736721221324858e-01  2.112424349164360e+01
1.764268242224822e-01  2.152242070184877e+01
1.792105025352179e-01  2.193506472508523e+01
1.820233086726207e-01  2.236280926118150e+01
1.848653942366180e-01  2.280630523021910e+01
1.877369108291377e-01  2.326622096908420e+01
1.906380100521075e-01  2.374324242168768e+01
1.935688435074550e-01  2.423807331741841e+01
1.965295627971079e-01  2.475143533155403e+01
1.995203195229938e-01  2.528406822051068e+01
2.025412652870405e-01  2.583672992399340e+01
2.055925516911757e-01  2.641019662536416e+01
2.086743303373270e-01  2.700526276088931e+01
2.117867528274221e-01  2.762274096797512e+01
2.149299707633886e-01  2.826346196210102e+01
2.181041357471544e-01  2.892827433194225e+01
2.213093993806469e-01  2.961804424214290e+01
2.245459132657940e-01  3.033365503342566e+01
2.278138290045233e-01  3.107600671019497e+01
2.311132981987626e-01  3.184601530654538e+01
2.344444724504393e-01  3.264461212263006e+01
2.378075033614814e-01  3.347274282470039e+01
2.412025425338163e-01  3.433136640376108e+01
2.446297415693719e-01  3.522145398972600e+01
2.480892520700758e-01  3.614398752012642e+01
2.515812256378556e-01  3.709995826483862e+01
2.551058138746391e-01  3.809036521085079e+01
2.586631683823540e-01  3.911621331377330e+01
2.622534407629278e-01  4.017851162548413e+01
2.658767826182884e-01  4.127827130996604e+01
2.695333455503634e-01  4.241650356191110e+01
2.732232811610804e-01  4.359421744498104e+01
2.769467410523672e-01  4.481241766860887e+01
2.807038768261513e-01  4.607210232389593e+01
2.844948400843607e-01  4.737426060035011e+01
2.883197824289227e-01  4.871987050596624e+01
2.921788554617653e-01  5.010989661338465e+01
2.960722107848160e-01  5.154528785458194e+01
