5.626386492404949e-04  7.025033253116817e-01
6.247929066443015e-04  7.493882198593838e-01
6.913638745030562e-04  7.975257071597071e-01
7.625031547444399e-04  8.468952122995006e-01
8.383623492961344e-04  8.974769713942123e-01
9.190930600858202e-04  9.492520710858798e-01
1.004846889041179e-03  1.002202484693044e+00
1.095775438089892e-03  1.056311109785952e+00
1.192030309159640e-03  1.111561802735309e+00
1.293763104178105e-03  1.167939414957573e+00
1.401125425072968e-03  1.225429825179731e+00
1.514268873771909e-03  1.284019973210775e+00
1.633345052202612e-03  1.343697889867826e+00
1.758505562292755e-03  1.404452726390218e+00
1.889902005970021e-03  1.466274780671483e+00
2.027685985162092e-03  1.529155522874703e+00
2.172009101796647e-03  1.593087617043011e+00
2.323022957801369e-03  1.658064940701820e+00
2.480879155103938e-03  1.724082601139344e+00
2.645729295632037e-03  1.791136948166354e+00
2.817724981313345e-03  1.859225584420301e+00
2.997017814075546e-03  1.928347369868447e+00
3.183759395846319e-03  1.998502424150956e+00
3.378101328553345e-03  2.069692123045911e+00
3.580195214124307e-03  2.141919091062732e+00
3.790192654486885e-03  2.215187188495065e+00
4.008245251568760e-03  2.289501493676653e+00
4.234504607297615e-03  2.364868278960216e+00
4.469122323601130e-03  2.441294981629312e+00
4.712250002406985e-03  2.518790167900193e+00
4.964039245642864e-03  2.597363491317651e+00
5.224641655236446e-03  2.677025643547609e+00
5.494208833115413e-03  2.757788299168169e+00
5.772892381207445e-03  2.839664052820353e+00
6.060843901440226e-03  2.922666349171095e+00
6.358214995741436e-03  3.006809405438048e+00
6.665157266038753e-03  3.092108126233256e+00
6.981822314259865e-03  3.178578010600518e+00
7.308361742332447e-03  3.266235051402191e+00
7.644927152184184e-03  3.355095626529760e+00
7.991670145742756e-03  3.445176382509771e+00
8.348742324935841e-03  3.536494110189437e+00
8.716295291691127e-03  3.629065612521458e+00
9.094480647936290e-03  3.722907565203855e+00
9.483449995599011e-03  3.818036369366155e+00
9.883354936606976e-03  3.914467997753945e+00
1.029434707288786e-02  4.012217833739896e+00
1.071657800636935e-02  4.111300504388510e+00
1.115019933897913e-02  4.211729707375525e+00
1.159536267264486e-02  4.313518032971842e+00
1.205221960929425e-02  4.416676781152773e+00
1.252092175085497e-02  4.521215775193355e+00
1.300162069925469e-02  4.627143171862485e+00
1.349446805642111e-02  4.734465269811267e+00
1.399961542428190e-02  4.843186316678839e+00
1.451721440476474e-02  4.953308316058269e+00
1.504741659979732e-02  5.064830835671728e+00
1.559037361130731e-02  5.177750817719357e+00
1.614623704122240e-02  5.292062392823937e+00
1.671515849147027e-02  5.407756698852722e+00
1.729728956397859e-02  5.524821706075272e+00
1.789278186067506e-02  5.643242049976607e+00
1.850178698348735e-02  5.762998873343463e+00
1.912445653434315e-02  5.884069679005506e+00
1.976094211517012e-02  6.006428194713635e+00
2.041139532789596e-02  6.130044251785080e+00
2.107596777444836e-02  6.254883678832357e+00
2.175481105675497e-02  6.380908212046393e+00
2.244807677674350e-02  6.508075423535502e+00
2.315591653634162e-02  6.636338668846747e+00
2.387848193747701e-02  6.765647055065074e+00
2.461592458207735e-02  6.895945430538745e+00
2.536839607207033e-02  7.027174397297131e+00
2.613604800938362e-02  7.159270347060556e+00
2.691903199594491e-02  7.292165521591528e+00
2.771749963368188e-02  7.425788098055250e+00
2.853160252452221e-02  7.560062299798687e+00
2.936149227039358e-02  7.694908532916543e+00
3.020732047322367e-02  7.830243548710769e+00
3.106923873494016e-02  7.965980632062610e+00
3.194739865747073e-02  8.102029815454671e+00
3.284195184274308e-02  8.238298118425973e+00
3.375304989268487e-02  8.374689811819394e+00
3.468084440922378e-02  8.511106706228134e+00
3.562548699428750e-02  8.647448463871342e+00
3.658712924980372e-02  8.783612932899587e+00
3.756592277770011e-02  8.919496503140181e+00
3.856201917990435e-02  9.054994482119923e+00
3.957557005834413e-02  9.190001490086274e+00
4.060672701494712e-02  9.324411872774704e+00
4.165564165164101e-02  9.458120130473731e+00
4.272246557035346e-02  9.591021362043534e+00
4.380735037301220e-02  9.723011722365982e+00
4.491044766154486e-02  9.853988891788049e+00
4.603190903787914e-02  9.983852556130046e+00
4.717188610394273e-02  1.011250489569636e+01
4.833053046166330e-02  1.023985108196507e+01
4.950799371296854e-02  1.036579978044699e+01
5.070442745978612e-02  1.049026365833618e+01
5.191998330404373e-02  1.061315989570846e+01
5.315481284766905e-02  1.073441069877128e+01
5.440906769258976e-02  1.085394381408776e+01
5.568289944073354e-02  1.097169304239083e+01
5.697645969402808e-02  1.108759875084183e+01
5.828990005440104e-02  1.120160838257004e+01
5.962337212378013e-02  1.131367696226300e+01
6.097702750409301e-02  1.142376759670799e+01
6.235101779726736e-02  1.153185196906338e+01
6.374549460523088e-02  1.163791082571220e+01
6.516060952991123e-02  1.174193445445098e+01
6.659651417323610e-02  1.184392315274056e+01
6.805336013713319e-02  1.194388768471526e+01
6.953129902353014e-02  1.204184972549854e+01
7.103048243435468e-02  1.213784229137354e+01
7.255106197153445e-02  1.223191015418161e+01
7.409318923699715e-02  1.232411023824636e+01
7.565701583267045e-02  1.241451199800110e+01
7.724269336048206e-02  1.250319777439245e+01
7.885037342235963e-02  1.259026312797630e+01
8.048020762023085e-02  1.267581714655728e+01
8.213234755602340e-02  1.275998272509594e+01
8.380694483166498e-02  1.284289681554105e+01
8.550415104908325e-02  1.292471064420397e+01
8.722411781020591e-02  1.300558989424906e+01
8.896699671696059e-02  1.308571485092352e+01
9.073293937127505e-02  1.316528050723014e+01
9.252209737507691e-02  1.324449662784764e+01
9.433462233029388e-02  1.332358776935291e+01
9.617066583885363e-02  1.340279325503400e+01
9.803037950268383e-02  1.348236710293884e+01
9.991391492371220e-02  1.356257790625364e+01
1.018214237038664e-01  1.364370866557010e+01
1.037530574450741e-01  1.372605657322345e+01
1.057089677492630e-01  1.380993275050241e+01
1.076893062183607e-01  1.389566193926396e+01
1.096942244542950e-01  1.398358215024541e+01
1.117238740589936e-01  1.407404427112317e+01
1.137784066343840e-01  1.416741163825543e+01
1.158579737823941e-01  1.426405957672830e+01
1.179627271049514e-01  1.436437491420918e+01
1.200928182039837e-01  1.446875547474758e+01
1.222483986814186e-01  1.457760955929439e+01
1.244296201391839e-01  1.469135542032643e+01
1.266366341792071e-01  1.481042073825472e+01
1.288695924034161e-01  1.493524210767896e+01
1.311286464137383e-01  1.506626454161835e+01
1.334139478121017e-01  1.520394100183410e+01
1.357256482004338e-01  1.534873196318449e+01
1.380638991806623e-01  1.550110501961456e+01
1.404288523547148e-01  1.566153453887750e+01
1.428206593245192e-01  1.583050137250552e+01
1.452394716920029e-01  1.600849262678526e+01
1.476854410590938e-01  1.619600149969119e+01
1.501587190277197e-01  1.639352718781356e+01
1.526594571998079e-01  1.660157486637615e+01
1.551878071772864e-01  1.682065574441901e+01
1.577439205620827e-01  1.705128719628124e+01
1.603279489561246e-01  1.729399296943041e+01
1.629400439613397e-01  1.754930346776632e+01
1.655803571796556e-01  1.781775610852242e+01
1.682490402130002e-01  1.809989574996746e+01
1.709462446633010e-01  1.839627518618988e+01
1.736721221324858e-01  1.870745570439522e+01
1.764268242224822e-01  1.903400769929135e+01
1.792105025352179e-01  1.937651133832401e+01
1.820233086726207e-01  1.973555727071971e+01
1.848653942366180e-01  2.011174737253691e+01
1.877369108291377e-01  2.050569551910712e+01
1.906380100521075e-01  2.091802837554644e+01
1.935688435074550e-01  2.134938619518073e+01
1.965295627971079e-01  2.180042361503092e+01
1.995203195229938e-01  2.227181043673056e+01
2.025412652870405e-01  2.276423238053155e+01
2.055925516911757e-01  2.327839179936814e+01
2.086743303373270e-01  2.381500833931227e+01
2.117867528274221e-01  2.437481953220401e+01
2.149299707633886e-01  2.495858130581689e+01
2.181041357471544e-01  2.556706839659216e+01
2.213093993806469e-01  2.620107464989542e+01
2.245459132657940e-01  2.686141319284184e+01
2.278138290045233e-01  2.754891646512772e+01
2.311132981987626e-01  2.826443609398007e+01
2.344444724504393e-01  2.900884260037390e+01
2.378075033614814e-01  2.978302492503497e+01
2.412025425338163e-01  3.058788976456651e+01
2.446297415693719e-01  3.142436071019199e+01
2.480892520700758e-01  3.229337718418537e+01
2.515812256378556e-01  3.319589317199109e+01
2.551058138746391e-01  3.413287575128220e+01
2.586631683823540e-01  3.510530342270920e+01
2.622534407629278e-01  3.611416425075163e+01
2.658767826182884e-01  3.716045382682159e+01
2.695333455503634e-01  3.824517307045289e+01
2.732232811610804e-01  3.936932588793502e+01
2.769467410523672e-01  4.053391671095142e+01
2.807038768261513e-01  4.173994794060843e+01
2.844948400843607e-01  4.298841732451069e+01
2.883197824289227e-01  4.428031529619648e+01
2.921788554617653e-01  4.561662230723948e+01
2.960722107848160e-01  4.699830618254236e+01
