6.877175340000000e-15  6.405738200000000e-12  5.257691250000000e-22  2.813409263734177e-09  9.314490155962446e+02
1.006288100000000e-14  9.352082889999999e-12  8.815042570000000e-21  2.186617134833556e-09  9.293643538878222e+02
1.472429720000000e-14  1.369951900000000e-11  1.647447520000000e-20  5.520344712950038e-09  9.304022345103491e+02
2.154501570000000e-14  2.003968630000000e-11  5.067567530000000e-20  1.111130581814773e-08  9.301309699521673e+02
3.152528740000000e-14  2.933007890000000e-11  1.638374650000000e-19  1.865468399862667e-08  9.303667462786545e+02
4.612870830000000e-14  4.298524340000000e-11  4.391424200000000e-19  2.761581259055408e-08  9.318544876562785e+02
6.749685430000000e-14  6.303537280000000e-11  1.021911300000000e-18  3.932671153947875e-08  9.339009125038779e+02
9.876334090000000e-14  9.241358550000000e-11  2.205499440000000e-18  5.742756293366193e-08  9.357073876132864e+02
1.445133640000000e-13  1.353336070000000e-10  4.713266210000000e-18  8.678728104201390e-08  9.364781772934592e+02
2.114561160000000e-13  1.979044060000000e-10  1.032264330000000e-17  1.320617547730763e-07  9.359124723668115e+02
3.094086780000000e-13  2.891328440000000e-10  2.286928370000000e-17  1.971152375917903e-07  9.344691581962795e+02
4.527356880000000e-13  4.222534810000000e-10  5.038633290000000e-17  2.835888055634252e-07  9.326711866954321e+02
6.624558950000000e-13  6.167718990000000e-10  1.085368820000000e-16  3.915111790099320e-07  9.310385977271467e+02
9.693245410000000e-13  9.014808160000000e-10  2.254117050000000e-16  5.236542195305331e-07  9.300095100054884e+02
1.418343580000000e-12  1.318451940000000e-09  4.529170090000000e-16  6.882544663325680e-07  9.295719397672382e+02
2.075361170000000e-12  1.929162820000000e-09  8.890036259999999e-16  9.000259595644802e-07  9.295556536810534e+02
3.036728230000000e-12  2.823520870000000e-09  1.721210840000000e-15  1.183807070368383e-06  9.297910044491666e+02
4.443428190000000e-12  4.132867060000000e-09  3.319045120000000e-15  1.578137870214019e-06  9.301085113395566e+02
6.501752070000000e-12  6.048824320000000e-09  6.436395800000000e-15  2.123900631335279e-06  9.303385750905447e+02
9.513550860000001e-12  8.851168150000001e-09  1.261723720000000e-14  2.845174522166043e-06  9.303761442483318e+02
1.392050160000000e-11  1.295045620000000e-08  2.478161980000000e-14  3.759262088618311e-06  9.303171217350243e+02
2.036887870000000e-11  1.894883530000000e-08  4.824475860000000e-14  4.911442286541495e-06  9.302860419488187e+02
2.980432990000000e-11  2.772650080000000e-08  9.293535120000000e-14  6.384838769847476e-06  9.302874390526459e+02
4.361055380000000e-11  4.056848160000000e-08  1.778783000000000e-13  8.272821201581557e-06  9.302486655947945e+02
6.381221809999999e-11  5.935453970000000e-08  3.391033200000000e-13  1.065954292217494e-05  9.301491245815197e+02
9.337187500000000e-11  8.684202150000000e-08  6.431535690000000e-13  1.364009560243928e-05  9.300730509435416e+02
1.366244160000000e-10  1.270734380000000e-07  1.211998890000000e-12  1.735023097610456e-05  9.301020543713795e+02
1.999127800000000e-10  1.859599570000000e-07  2.270091640000000e-12  2.194681558418307e-05  9.302168030059909e+02
2.925181370000000e-10  2.721418200000000e-07  4.230194880000000e-12  2.752446057132433e-05  9.303561583768735e+02
4.280209610000000e-10  3.982507480000000e-07  7.833051110000000e-12  3.409856671772270e-05  9.304651345126764e+02
6.262925950000000e-10  5.827488730000000e-07  1.435572430000000e-11  4.192132317945919e-05  9.304967572294224e+02
9.164093590000000e-10  8.526285319999999e-07  2.600214100000000e-11  5.184980507376178e-05  9.304297536544473e+02
1.340916560000000e-09  1.247471860000000e-06  4.700417010000000e-11  6.425653191523286e-05  9.303478690501815e+02
1.962067730000000e-09  1.825334560000000e-06  8.572862740000000e-11  7.644980755898894e-05  9.303553902430268e+02
2.870954000000000e-09  2.671085190000000e-06  1.545053570000000e-10  8.597686065899148e-05  9.304362575495810e+02
4.200862560000000e-09  3.908524130000000e-06  2.624878290000000e-10  9.835778228715611e-05  9.304723879919081e+02
6.146823070000000e-09  5.719173450000000e-06  4.365048030000000e-10  1.183815938028140e-04  9.304985501726831e+02
8.994208519999999e-09  8.369769510000000e-06  7.676505050000000e-10  1.411479388328580e-04  9.306585612165684e+02
1.316058490000000e-08  1.224922650000000e-05  1.337689630000000e-09  1.637558219484051e-04  9.308525633712526e+02
1.925694680000000e-08  1.792456150000000e-05  2.284863740000000e-09  1.889085433655797e-04  9.309287993535921e+02
2.817731910000000e-08  2.622328340000000e-05  3.895975170000000e-09  2.172353654466793e-04  9.307904446867693e+02
4.122986470000000e-08  3.836731950000000e-05  6.609468030000000e-09  2.504324850276245e-04  9.307313823911238e+02
6.032872520000000e-08  5.615318810000000e-05  1.112492420000000e-08  2.916122624354423e-04  9.309713215057295e+02
8.827472799999999e-08  8.217704080000000e-05  1.894782330000000e-08  3.270601554680807e-04  9.311383958418994e+02
1.291661240000000e-07  1.202416410000000e-04  3.225091750000000e-08  3.550105276099419e-04  9.311566236786666e+02
1.889995920000000e-07  1.760170220000000e-04  5.127435330000000e-08  3.991773405834283e-04  9.315802986140839e+02
2.765496450000000e-07  2.575238090000000e-04  8.473300910000000e-08  4.652717945253504e-04  9.315092124204317e+02
4.046554040000000e-07  3.768255110000000e-04  1.415395900000000e-07  5.089982768795080e-04  9.315754759820285e+02
5.921034400000000e-07  5.514135930000000e-04  2.396595110000000e-07  5.400668818618887e-04  9.316839174435466e+02
8.663828040000000e-07  8.073182350000000e-04  3.611410030000000e-07  6.173051616085368e-04  9.322430827043517e+02
1.267716270000000e-06  1.181077880000000e-03  6.111748349999999e-07  7.166335882583596e-04  9.321400086117060e+02
1.854958950000000e-06  1.728783490000000e-03  1.012996900000000e-06  8.023096363402300e-04  9.325254809008037e+02
2.714229350000000e-06  2.530064250000000e-03  1.675872650000000e-06  8.942270199542205e-04  9.327657305931056e+02
3.971538540000000e-06  3.704002120000000e-03  2.722985870000000e-06  1.007327917898491e-03  9.333222046159473e+02
5.811269550000000e-06  5.422732570000000e-03  4.525088210000000e-06  1.108490745142107e-03  9.339194493585313e+02
8.503216949999999e-06  7.933132390000000e-03  7.401475510000000e-06  1.188407017951474e-03  9.338270341920420e+02
1.244215190000000e-05  1.161366880000000e-02  1.176528760000000e-05  1.305732156858613e-03  9.343587975002940e+02
1.820571490000000e-05  1.700369730000000e-02  1.878011050000000e-05  1.455447779540018e-03  9.350073591726958e+02
2.663912630000000e-05  2.487976910000000e-02  3.092842620000000e-05  1.607157307671236e-03  9.351169120813095e+02
3.897913680000000e-05  3.643546990000000e-02  4.919662510000000e-05  1.758918059514722e-03  9.360049893434276e+02
5.703539530000000e-05  5.332333610000000e-02  8.054522240000000e-05  1.906059704701213e-03  9.363287664002568e+02
8.345583280000000e-05  7.811012800000000e-02  1.271488100000000e-04  2.061971596304155e-03  9.374692479253530e+02
1.221149780000000e-04  1.143914030000000e-01  2.047265170000000e-04  2.039359615682506e-03  9.384281223634990e+02
1.786821520000000e-04  1.674246320000000e-01  3.230233560000000e-04  1.600802669757373e-03  9.388047629737524e+02
2.614528700000000e-04  2.451195620000000e-01  4.422022210000000e-04  1.162815686349219e-03  9.392199986980445e+02
3.825653680000000e-04  3.590197680000000e-01  5.162210550000000e-04  1.106677331286199e-03  9.398027608578516e+02
5.597806630000000e-04  5.254093320000000e-01  7.461468929999999e-04  1.095131073457790e-03  9.399315011583384e+02
8.190871850000000e-04  7.693261770000001e-01  1.002546250000000e-03  9.753900128112598e-04  9.404721955819635e+02
1.198511960000000e-03  1.126512170000000e+00  1.327992040000000e-03  9.196925027489675e-04  9.410337148742345e+02
1.753697210000000e-03  1.649067030000000e+00  1.784101810000000e-03  9.951297421676979e-04  9.413547118604357e+02
2.566060250000000e-03  2.413688200000000e+00  2.541885120000000e-03  1.193349379865733e-03  9.416108156930454e+02
3.754733250000000e-03  3.533206730000000e+00  3.896861530000000e-03  1.503893956503460e-03  9.420385833081484e+02
5.494033810000000e-03  5.172791210000000e+00  6.447989870000000e-03  1.908953616623377e-03  9.427024621586738e+02
8.039028480000000e-03  7.570887920000000e+00  1.121206980000000e-02  2.393597512737900e-03  9.431612300744082e+02
1.176293800000000e-02  1.108433420000000e+01  1.993669450000000e-02  2.959651699404073e-03  9.440048816460650e+02
1.721186960000000e-02  1.623544830000000e+01  3.572154050000000e-02  3.635057168378583e-03  9.453458699512807e+02
2.518490320000000e-02  2.378098950000000e+01  6.395848899999999e-02  4.508004095003215e-03  9.467953003289686e+02
3.685127550000000e-02  3.483353870000000e+01  1.148897000000000e-01  5.757041670280567e-03  9.483641454961306e+02
5.392184750000000e-02  5.103987660000000e+01  2.100938510000000e-01  7.034778110326960e-03  9.504490819050665e+02
7.890000000000000e-02  7.483199999999999e+01  3.962700000000000e-01  7.825116988086909e-03  9.534634980988593e+02
1.123521526747633e-01  1.068742109382645e+02  4.658093894687415e-01  1.628657753760267e-02  9.553890848759141e+02
1.166387321507472e-01  1.109708804855287e+02  5.379238896309058e-01  1.938892903571011e-02  9.560186571593288e+02
1.210329788562038e-01  1.151734482540663e+02  6.256565474160422e-01  2.283990047090696e-02  9.567566316311155e+02
1.255362282431441e-01  1.194838513840195e+02  7.312348042503687e-01  2.663645512130017e-02  9.576126994722043e+02
1.301498157635790e-01  1.239041086539891e+02  8.570200676975251e-01  3.077925284263662e-02  9.585962772346185e+02
1.348750768695191e-01  1.284363281593470e+02  1.005522712699829e+00  3.527095910269860e-02  9.597166058156249e+02
1.397133470129754e-01  1.330827108816638e+02  1.179416153371208e+00  4.011616637069096e-02  9.609828265339401e+02
1.446659616459586e-01  1.378455556938621e+02  1.381554420186733e+00  4.532182523370994e-02  9.624040692876898e+02
1.497342562204797e-01  1.427272649236170e+02  1.614994510342183e+00  5.089790530419344e-02  9.639895580552225e+02
1.549195661885495e-01  1.477303506581645e+02  1.883024679836197e+00  5.685813256960729e-02  9.657487369240855e+02
1.602232270021788e-01  1.528574419872219e+02  2.189199597019233e+00  6.322073975329053e-02  9.676914172107038e+02
1.656465741133784e-01  1.581112933980279e+02  2.537383093536217e+00  7.000917766130381e-02  9.698279446291476e+02
1.711909429741592e-01  1.634947945512313e+02  2.931799078236760e+00  7.725274677786048e-02  9.721693843413115e+02
1.768576690365320e-01  1.690109816516597e+02  3.377090981382686e+00  8.498708212966541e-02  9.747277207371193e+02
1.826480877525076e-01  1.746630511609946e+02  3.878390066717075e+00  9.325450126511434e-02  9.775160690133154e+02
1.885635345740969e-01  1.804543720149533e+02  4.441390766280044e+00  1.021040975633110e-01  9.805488843757818e+02
1.946053449533106e-01  1.863885122989519e+02  5.072438787723917e+00  1.115914219308179e-01  9.838421968278855e+02
2.007748543421597e-01  1.924692437484548e+02  5.778615460825371e+00  1.217779289718036e-01  9.874137814115228e+02
2.070733981926550e-01  1.987005771559973e+02  6.567837912997898e+00  1.327298403075202e-01  9.912833693181851e+02
2.135023119568073e-01  2.050867885006636e+02  7.448955351189324e+00  1.445161515011405e-01  9.954727963439334e+02
2.200629310866274e-01  2.116324309016151e+02  8.431832760191456e+00  1.572060485104565e-01  1.000006058645588e+03
2.267565910341262e-01  2.183423831821498e+02  9.527439324533256e+00  1.708653924533080e-01  1.004909367681145e+03
2.335846272513145e-01  2.252218652736419e+02  1.074790028921673e+01  1.855521624493616e-01  1.010211024383305e+03
2.405483751902032e-01  2.322764793934033e+02  1.210653026837275e+01  2.013110783363522e-01  1.015941219676356e+03
2.476491703028030e-01  2.395122374327971e+02  1.361781797396411e+01  2.181675034766877e-01  1.022131651505350e+03
2.548883480411248e-01  2.469355911740467e+02  1.529735995884714e+01  2.361211135744025e-01  1.028814981881983e+03
2.622672438571795e-01  2.545534584241746e+02  1.716173166855248e+01  2.551399872274200e-01  1.036024118557395e+03
2.697871932029778e-01  2.623732440001492e+02  1.922829142446971e+01  2.751559078086144e-01  1.043791338447741e+03
2.774495315305307e-01  2.704028538163506e+02  2.151491936870782e+01  2.960617971963764e-01  1.052147291998621e+03
2.852555942918489e-01  2.786507005656384e+02  2.403970192911040e+01  3.177120779964325e-01  1.061119952251479e+03
2.932067169389433e-01  2.871256999564798e+02  2.682058133631057e+01  3.399264592626022e-01  1.070733592641809e+03
3.013042349238247e-01  2.958372571653819e+02  2.987499713873087e+01  3.624971534693050e-01  1.081007887373960e+03
3.095494836985040e-01  3.047952439608954e+02  3.321955072634452e+01  3.851989542799057e-01  1.091957223854907e+03
3.179437987149920e-01  3.140099677963883e+02  3.686972274756027e+01  4.078010824094105e-01  1.103590295440008e+03
3.264885154252994e-01  3.234921348420647e+02  4.083966729557808e+01  4.300793856495764e-01  1.115910009629704e+03
3.351849692814374e-01  3.332528093716255e+02  4.514209660180104e+01  4.518274475147546e-01  1.128913707220891e+03
3.440344957354164e-01  3.433033720415377e+02  4.978825822158916e+01  4.728654209437370e-01  1.142593651202371e+03
3.530384302392474e-01  3.536554794181366e+02  5.478799579345522e+01  4.930458710293987e-01  1.156937717398534e+03
3.621981082449413e-01  3.643210266839603e+02  6.014987645815838e+01  5.122564459169451e-01  1.171930206086038e+03
3.715148652045089e-01  3.753121148923223e+02  6.588136393269417e+01  5.304196644888968e-01  1.187552695000184e+03
3.809900365699611e-01  3.866410235432933e+02  7.198901594398758e+01  5.474904270433367e-01  1.203784866117987e+03
3.906249577933086e-01  3.983201887292254e+02  7.847868724717846e+01  5.634519941216576e-01  1.220605256392896e+03
4.004209643265623e-01  4.103621866408407e+02  8.535572381894882e+01  5.783111609920262e-01  1.237991902339249e+03
4.103793916217330e-01  4.227797219705939e+02  9.262513831251857e+01  5.920932373616352e-01  1.255922865134314e+03
4.205015751308317e-01  4.355856205414969e+02  1.002917613760473e+02  6.048372783039447e-01  1.274376636826952e+03
4.307888503058690e-01  4.487928254432039e+02  1.083603668308951e+02  6.165918439805493e-01  1.293332437022272e+03
4.412425525988558e-01  4.624143959539742e+02  1.168357712689025e+02  6.274114242356271e-01  1.312770414628242e+03
4.518640174618030e-01  4.764635085997479e+02  1.257229101526771e+02  6.373535592512036e-01  1.332671771078859e+03
4.626545803467214e-01  4.909534597504987e+02  1.350268934755162e+02  6.464766167076543e-01  1.353018821591284e+03
4.736155767056219e-01  5.058976692963307e+02  1.447530441317271e+02  6.548381478870697e-01  1.373795009102941e+03
4.847483419905152e-01  5.213096849925769e+02  1.549069222538607e+02  6.624937300097136e-01  1.394984883846256e+03
4.960542116534122e-01  5.372031871712528e+02  1.654943383956414e+02  6.694961999121618e-01  1.416574059016197e+03
5.075345211463239e-01  5.535919935811388e+02  1.765213580889822e+02  6.758951919457188e-01  1.438549150874944e+03
5.191906059212608e-01  5.704900641803990e+02  1.879942998922405e+02  6.817369051407154e-01  1.460897709693544e+03
5.310238014302340e-01  5.879115057547290e+02  1.999197286565866e+02  6.870640375035072e-01  1.483608146298614e+03
5.430354431252543e-01  6.058705762729179e+02  2.123044453874395e+02  6.919158378812893e-01  1.506669657668197e+03
5.552268664583324e-01  6.243816889218103e+02  2.251554747778212e+02  6.963282369506028e-01  1.530072153978770e+03
5.675994068814793e-01  6.434594157855178e+02  2.384800512413123e+02  7.003340282580864e-01  1.553806188705952e+03
5.801543998467056e-01  6.631184911507992e+02  2.522856040705099e+02  7.039630778517789e-01  1.577862892782475e+03
5.928931808060224e-01  6.833738144329122e+02  2.665797421865865e+02  7.072425470182857e-01  1.602233913377750e+03
6.058170852114403e-01  7.042404527252633e+02  2.813702388205193e+02  7.101971174137124e-01  1.626911357549306e+03
6.189274485149704e-01  7.257336429833623e+02  2.966650163665913e+02  7.128492111201583e-01  1.651887740791409e+03
6.322256061686232e-01  7.478687938493711e+02  3.124721316021458e+02  7.152192007020111e-01  1.677155940401487e+03
6.457128936244100e-01  7.706614871533981e+02  3.287997613281652e+02  7.173256068628960e-01  1.702709153352805e+03
6.593906463343411e-01  7.941274790804569e+02  3.456561885957056e+02  7.191852820518558e-01  1.728540858550282e+03
6.732601997504277e-01  8.182827010454300e+02  3.630497894910441e+02  7.208135790535166e-01  1.754644783051578e+03
6.873228893246806e-01  8.431432602842837e+02  3.809890205367377e+02  7.222245049547209e-01  1.781014871997082e+03
7.015800505091105e-01  8.687254401821659e+02  3.994824067126343e+02  7.234308610119926e-01  1.807645261931350e+03
7.160330187557283e-01  8.950457003565302e+02  4.185385300964800e+02  7.244443690264384e-01  1.834530257218233e+03
7.306831295165448e-01  9.221206765130056e+02  4.381660191170543e+02  7.252757851562819e-01  1.861664309267132e+03
7.455317182435709e-01  9.499671800908287e+02  4.583735384082469e+02  7.259350021248503e-01  1.889041998305541e+03
7.605801203888173e-01  9.786021977142618e+02  4.791697792501786e+02  7.264311407965851e-01  1.916658017452584e+03
7.758296714042950e-01  1.008042890465306e+03  5.005634505818305e+02  7.267726320731196e-01  1.944507158867304e+03
7.912817067420147e-01  1.038306592992664e+03  5.225632705694152e+02  7.269672900188366e-01  1.972584301764842e+03
8.069375618539875e-01  1.069410812470948e+03  5.451779587145702e+02  7.270223770694955e-01  2.000884402111467e+03
8.227985721922239e-01  1.101373227423550e+03  5.684162284868854e+02  7.269446621149279e-01  2.029402483826504e+03
8.388660732087350e-01  1.134211686421908e+03  5.922867804657636e+02  7.267404721820698e-01  2.058133631334884e+03
8.551414003555313e-01  1.167944206673379e+03  6.167982959772700e+02  7.264157383707918e-01  2.087072983328470e+03
8.716258890846239e-01  1.202588972509205e+03  6.419594312120975e+02  7.259760366899719e-01  2.116215727607406e+03
8.883208748480237e-01  1.238164333784321e+03  6.677788118092553e+02  7.254266242731042e-01  2.145557096882278e+03
9.052276930977414e-01  1.274688804194482e+03  6.942650279069760e+02  7.247724714118975e-01  2.175092365447290e+03
9.223476792857876e-01  1.312181059535284e+03  7.214266296066584e+02  7.240182900426486e-01  2.204816846581190e+03
9.396821688641737e-01  1.350659935889250e+03  7.492721229037686e+02  7.232029308180890e-01  2.234725890663193e+03
9.572324972849101e-01  1.390144427771767e+03  7.778099660117332e+02  7.227608042387091e-01  2.264814883854564e+03
