6.877175340000000e-15  6.405738200000000e-12  5.257691250000000e-22  2.813409263734177e-09  9.314490155962446e+02
1.006288100000000e-14  9.352082889999999e-12  8.815042570000000e-21  2.186617134833556e-09  9.293643538878222e+02
1.472429720000000e-14  1.369951900000000e-11  1.647447520000000e-20  5.520344712950038e-09  9.304022345103491e+02
2.154501570000000e-14  2.003968630000000e-11  5.067567530000000e-20  1.111130581814773e-08  9.301309699521673e+02
3.152528740000000e-14  2.933007890000000e-11  1.638374650000000e-19  1.865468399862667e-08  9.303667462786545e+02
4.612870830000000e-14  4.298524340000000e-11  4.391424200000000e-19  2.761581259055408e-08  9.318544876562785e+02
6.749685430000000e-14  6.303537280000000e-11  1.021911300000000e-18  3.932671153947875e-08  9.339009125038779e+02
9.876334090000000e-14  9.241358550000000e-11  2.205499440000000e-18  5.742756293366193e-08  9.357073876132864e+02
1.445133640000000e-13  1.353336070000000e-10  4.713266210000000e-18  8.678728104201390e-08  9.364781772934592e+02
2.114561160000000e-13  1.979044060000000e-10  1.032264330000000e-17  1.320617547730763e-07  9.359124723668115e+02
3.094086780000000e-13  2.891328440000000e-10  2.286928370000000e-17  1.971152375917903e-07  9.344691581962795e+02
4.527356880000000e-13  4.222534810000000e-10  5.038633290000000e-17  2.835888055634252e-07  9.326711866954321e+02
6.624558950000000e-13  6.167718990000000e-10  1.085368820000000e-16  3.915111790099320e-07  9.310385977271467e+02
9.693245410000000e-13  9.014808160000000e-10  2.254117050000000e-16  5.236542195305331e-07  9.300095100054884e+02
1.418343580000000e-12  1.318451940000000e-09  4.529170090000000e-16  6.882544663325680e-07  9.295719397672382e+02
2.075361170000000e-12  1.929162820000000e-09  8.890036259999999e-16  9.000259595644802e-07  9.295556536810534e+02
3.036728230000000e-12  2.823520870000000e-09  1.721210840000000e-15  1.183807070368383e-06  9.297910044491666e+02
4.443428190000000e-12  4.132867060000000e-09  3.319045120000000e-15  1.578137870214019e-06  9.301085113395566e+02
6.501752070000000e-12  6.048824320000000e-09  6.436395800000000e-15  2.123900631335279e-06  9.303385750905447e+02
9.513550860000001e-12  8.851168150000001e-09  1.261723720000000e-14  2.845174522166043e-06  9.303761442483318e+02
1.392050160000000e-11  1.295045620000000e-08  2.478161980000000e-14  3.759262088618311e-06  9.303171217350243e+02
2.036887870000000e-11  1.894883530000000e-08  4.824475860000000e-14  4.911442286541495e-06  9.302860419488187e+02
2.980432990000000e-11  2.772650080000000e-08  9.293535120000000e-14  6.384838769847476e-06  9.302874390526459e+02
4.361055380000000e-11  4.056848160000000e-08  1.778783000000000e-13  8.272821201581557e-06  9.302486655947945e+02
6.381221809999999e-11  5.935453970000000e-08  3.391033200000000e-13  1.065954292217494e-05  9.301491245815197e+02
9.337187500000000e-11  8.684202150000000e-08  6.431535690000000e-13  1.364009560243928e-05  9.300730509435416e+02
1.366244160000000e-10  1.270734380000000e-07  1.211998890000000e-12  1.735023097610456e-05  9.301020543713795e+02
1.999127800000000e-10  1.859599570000000e-07  2.270091640000000e-12  2.194681558418307e-05  9.302168030059909e+02
2.925181370000000e-10  2.721418200000000e-07  4.230194880000000e-12  2.752446057132433e-05  9.303561583768735e+02
4.280209610000000e-10  3.982507480000000e-07  7.833051110000000e-12  3.409856671772270e-05  9.304651345126764e+02
6.262925950000000e-10  5.827488730000000e-07  1.435572430000000e-11  4.192132317945919e-05  9.304967572294224e+02
9.164093590000000e-10  8.526285319999999e-07  2.600214100000000e-11  5.184980507376178e-05  9.304297536544473e+02
1.340916560000000e-09  1.247471860000000e-06  4.700417010000000e-11  6.425653191523286e-05  9.303478690501815e+02
1.962067730000000e-09  1.825334560000000e-06  8.572862740000000e-11  7.644980755898894e-05  9.303553902430268e+02
2.870954000000000e-09  2.671085190000000e-06  1.545053570000000e-10  8.597686065899148e-05  9.304362575495810e+02
4.200862560000000e-09  3.908524130000000e-06  2.624878290000000e-10  9.835778228715611e-05  9.304723879919081e+02
6.146823070000000e-09  5.719173450000000e-06  4.365048030000000e-10  1.183815938028140e-04  9.304985501726831e+02
8.994208519999999e-09  8.369769510000000e-06  7.676505050000000e-10  1.411479388328580e-04  9.306585612165684e+02
1.316058490000000e-08  1.224922650000000e-05  1.337689630000000e-09  1.637558219484051e-04  9.308525633712526e+02
1.925694680000000e-08  1.792456150000000e-05  2.284863740000000e-09  1.889085433655797e-04  9.309287993535921e+02
2.817731910000000e-08  2.622328340000000e-05  3.895975170000000e-09  2.172353654466793e-04  9.307904446867693e+02
4.122986470000000e-08  3.836731950000000e-05  6.609468030000000e-09  2.504324850276245e-04  9.307313823911238e+02
6.032872520000000e-08  5.615318810000000e-05  1.112492420000000e-08  2.916122624354423e-04  9.309713215057295e+02
8.827472799999999e-08  8.217704080000000e-05  1.894782330000000e-08  3.270601554680807e-04  9.311383958418994e+02
1.291661240000000e-07  1.202416410000000e-04  3.225091750000000e-08  3.550105276099419e-04  9.311566236786666e+02
1.889995920000000e-07  1.760170220000000e-04  5.127435330000000e-08  3.991773405834283e-04  9.315802986140839e+02
2.765496450000000e-07  2.575238090000000e-04  8.473300910000000e-08  4.652717945253504e-04  9.315092124204317e+02
4.046554040000000e-07  3.768255110000000e-04  1.415395900000000e-07  5.089982768795080e-04  9.315754759820285e+02
5.921034400000000e-07  5.514135930000000e-04  2.396595110000000e-07  5.400668818618887e-04  9.316839174435466e+02
8.663828040000000e-07  8.073182350000000e-04  3.611410030000000e-07  6.173051616085368e-04  9.322430827043517e+02
1.267716270000000e-06  1.181077880000000e-03  6.111748349999999e-07  7.166335882583596e-04  9.321400086117060e+02
1.854958950000000e-06  1.728783490000000e-03  1.012996900000000e-06  8.023096363402300e-04  9.325254809008037e+02
2.714229350000000e-06  2.530064250000000e-03  1.675872650000000e-06  8.942270199542205e-04  9.327657305931056e+02
3.971538540000000e-06  3.704002120000000e-03  2.722985870000000e-06  1.007327917898491e-03  9.333222046159473e+02
5.811269550000000e-06  5.422732570000000e-03  4.525088210000000e-06  1.108490745142107e-03  9.339194493585313e+02
8.503216949999999e-06  7.933132390000000e-03  7.401475510000000e-06  1.188407017951474e-03  9.338270341920420e+02
1.244215190000000e-05  1.161366880000000e-02  1.176528760000000e-05  1.305732156858613e-03  9.343587975002940e+02
1.820571490000000e-05  1.700369730000000e-02  1.878011050000000e-05  1.455447779540018e-03  9.350073591726958e+02
2.663912630000000e-05  2.487976910000000e-02  3.092842620000000e-05  1.607157307671236e-03  9.351169120813095e+02
3.897913680000000e-05  3.643546990000000e-02  4.919662510000000e-05  1.758918059514722e-03  9.360049893434276e+02
5.703539530000000e-05  5.332333610000000e-02  8.054522240000000e-05  1.906059704701213e-03  9.363287664002568e+02
8.345583280000000e-05  7.811012800000000e-02  1.271488100000000e-04  2.061971596304155e-03  9.374692479253530e+02
1.221149780000000e-04  1.143914030000000e-01  2.047265170000000e-04  2.039359615682506e-03  9.384281223634990e+02
1.786821520000000e-04  1.674246320000000e-01  3.230233560000000e-04  1.600802669757373e-03  9.388047629737524e+02
2.614528700000000e-04  2.451195620000000e-01  4.422022210000000e-04  1.162815686349219e-03  9.392199986980445e+02
3.825653680000000e-04  3.590197680000000e-01  5.162210550000000e-04  1.106677331286199e-03  9.398027608578516e+02
5.597806630000000e-04  5.254093320000000e-01  7.461468929999999e-04  1.095131073457790e-03  9.399315011583384e+02
8.190871850000000e-04  7.693261770000001e-01  1.002546250000000e-03  9.753900128112598e-04  9.404721955819635e+02
1.198511960000000e-03  1.126512170000000e+00  1.327992040000000e-03  9.196925027489675e-04  9.410337148742345e+02
1.753697210000000e-03  1.649067030000000e+00  1.784101810000000e-03  9.951297421676979e-04  9.413547118604357e+02
2.566060250000000e-03  2.413688200000000e+00  2.541885120000000e-03  1.193349379865733e-03  9.416108156930454e+02
3.754733250000000e-03  3.533206730000000e+00  3.896861530000000e-03  1.503893956503460e-03  9.420385833081484e+02
5.494033810000000e-03  5.172791210000000e+00  6.447989870000000e-03  1.908953616623377e-03  9.427024621586738e+02
8.039028480000000e-03  7.570887920000000e+00  1.121206980000000e-02  2.393597512737900e-03  9.431612300744082e+02
1.176293800000000e-02  1.108433420000000e+01  1.993669450000000e-02  2.959651699404073e-03  9.440048816460650e+02
1.721186960000000e-02  1.623544830000000e+01  3.572154050000000e-02  3.635057168378583e-03  9.453458699512807e+02
2.518490320000000e-02  2.378098950000000e+01  6.395848899999999e-02  4.508004095003215e-03  9.467953003289686e+02
3.685127550000000e-02  3.483353870000000e+01  1.148897000000000e-01  5.757041670280567e-03  9.483641454961306e+02
5.392184750000000e-02  5.103987660000000e+01  2.100938510000000e-01  7.034778110326960e-03  9.504490819050665e+02
7.890000000000000e-02  7.483199999999999e+01  3.962700000000000e-01  7.825116988086909e-03  9.534634980988593e+02
1.040966536031707e-01  9.885543115500722e+01  5.136252236613761e-01  2.003688023159543e-02  9.545845421481654e+02
1.081719049762414e-01  1.027471686748998e+02  5.965541873476919e-01  2.289257521752915e-02  9.553656577817713e+02
1.123521526747633e-01  1.067426457632028e+02  6.936189449829568e-01  2.588300617882848e-02  9.562457162638761e+02
1.166387321507472e-01  1.108437425951677e+02  8.056762748431802e-01  2.899113978235324e-02  9.572242155482813e+02
1.210329788562038e-01  1.150523602446308e+02  9.337338162149156e-01  3.230061865168862e-02  9.583015722242004e+02
1.255362282431441e-01  1.193704719681454e+02  1.080069512300853e+00  3.587804963682645e-02  9.594882912667376e+02
1.301498157635790e-01  1.238001257859716e+02  1.246637378672764e+00  3.971237938131004e-02  9.607909371899377e+02
1.348750768695191e-01  1.283434436990374e+02  1.435430279850114e+00  4.378434738872129e-02  9.622153856995441e+02
1.397133470129754e-01  1.330026181891695e+02  1.648536319623499e+00  4.809256421191294e-02  9.637672953792778e+02
1.446659616459586e-01  1.377799188881143e+02  1.888167995601647e+00  5.264049495418403e-02  9.654523104993053e+02
1.497342562204797e-01  1.426776953437540e+02  2.156681783102273e+00  5.743416218058234e-02  9.672761651318158e+02
1.549195661885495e-01  1.476983814292361e+02  2.456595126322806e+00  6.248113041856800e-02  9.692447523373478e+02
1.602232270021788e-01  1.528445006703288e+02  2.790601742410017e+00  6.778984495553231e-02  9.713641699411811e+02
1.656465741133784e-01  1.581186689221884e+02  3.161583813513030e+00  7.336908516063709e-02  9.736407381304477e+02
1.711909429741592e-01  1.635236047332649e+02  3.572625438472118e+00  7.922737251958310e-02  9.760810196341739e+02
1.768576690365320e-01  1.690621303842354e+02  4.027019415822201e+00  8.537238074166262e-02  9.786917962994540e+02
1.826480877525076e-01  1.747371797988612e+02  4.528274212652341e+00  9.181039835337881e-02  9.814800484145786e+02
1.885635345740969e-01  1.805518040955145e+02  5.080116519459830e+00  9.854580883939729e-02  9.844529114969156e+02
1.946053449533106e-01  1.865091762754181e+02  5.686489712854570e+00  1.055805189642310e-01  9.876176167431423e+02
2.007748543421597e-01  1.926126026544055e+02  6.351551609430722e+00  1.129134070317198e-01  9.909814354347782e+02
2.070733981926550e-01  1.988655134803606e+02  7.079657855817127e+00  1.205399948292374e-01  9.945515606487129e+02
2.135023119568073e-01  2.052714867418037e+02  7.875357236585721e+00  1.284520770296191e-01  9.983350626779297e+02
2.200629310866274e-01  2.118342381695963e+02  8.743366140969860e+00  1.366373497319230e-01  1.002338754823639e+03
2.267565910341262e-01  2.185576301722030e+02  9.688548215003955e+00  1.450793052222908e-01  1.006569102894673e+03
2.335846272513145e-01  2.254456734870891e+02  1.071588666993439e+01  1.537572081616513e-01  1.011032117012449e+03
2.405483751902032e-01  2.325025288216788e+02  1.183045333294049e+01  1.626461601100854e-01  1.015733247028047e+03
2.476491703028030e-01  2.397325075015135e+02  1.303737462989284e+01  1.717173329497819e-01  1.020677282619415e+03
2.548883480411248e-01  2.471400710761398e+02  1.434179529734567e+01  1.809383312903881e-01  1.025868261347757e+03
2.622672438571795e-01  2.547298298602982e+02  1.574884075466634e+01  1.902736822503417e-01  1.031309387786903e+03
2.697871932029778e-01  2.625065404169883e+02  1.726357916312074e+01  1.996854373019335e-01  1.037002966519376e+03
2.774495315305307e-01  2.704751020178235e+02  1.889098425691708e+01  2.091338648091784e-01  1.042950351358252e+03
2.852555942918489e-01  2.786405521496843e+02  2.063589997938058e+01  2.185782072758152e-01  1.049151912382854e+03
2.932067169389433e-01  2.870080611524141e+02  2.250300800738126e+01  2.279774719807522e-01  1.055607022085615e+03
3.013042349238247e-01  2.955829261105133e+02  2.449679897694515e+01  2.372912222729214e-01  1.062314060598446e+03
3.095494836985040e-01  3.043705641270707e+02  2.662154819450574e+01  2.464803383273675e-01  1.069270439693018e+03
3.179437987149920e-01  3.133765051270090e+02  2.888129635029516e+01  2.555077174736091e-01  1.076472644263034e+03
3.264885154252994e-01  3.226063843417522e+02  3.127983555326171e+01  2.643388886691679e-01  1.083916289439226e+03
3.351849692814374e-01  3.320659346269405e+02  3.382070077978465e+01  2.729425219649726e-01  1.091596190967260e+03
3.440344957354164e-01  3.417609787595644e+02  3.650716661443566e+01  2.812908203088783e-01  1.099506446123839e+03
3.530384302392474e-01  3.516974218498068e+02  3.934224897033258e+01  2.893597880846935e-01  1.107640522256779e+03
3.621981082449413e-01  3.618812439882021e+02  4.232871131790863e+01  2.971293774956302e-01  1.115991350003655e+03
3.715148652045089e-01  3.723184932305645e+02  4.546907483538402e+01  3.045835197697718e-01  1.124551418368981e+03
3.809900365699611e-01  3.830152790039378e+02  4.876563181728615e+01  3.117100528634622e-01  1.133312869075926e+03
3.906249577933086e-01  3.939777659965365e+02  5.222046164484731e+01  3.185005606998821e-01  1.142267587944685e+03
4.004209643265623e-01  4.052121685751360e+02  5.583544862533097e+01  3.249501409215212e-01  1.151407291439053e+03
4.103793916217330e-01  4.167247457550207e+02  5.961230104195063e+01  3.310571187715355e-01  1.160723606939053e+03
4.205015751308317e-01  4.285217967312334e+02  6.355257081428612e+01  3.368227242520937e-01  1.170208145711111e+03
4.307888503058690e-01  4.406096569657686e+02  6.765767324336763e+01  3.422507483738693e-01  1.179852567935770e+03
4.412425525988558e-01  4.529946948137526e+02  7.192890639873808e+01  3.473471923818291e-01  1.189648639499879e+03
4.518640174618030e-01  4.656833086625735e+02  7.636746979061589e+01  3.521199215725672e-01  1.199588280555595e+03
4.626545803467214e-01  4.786819245512240e+02  8.097448205372791e+01  3.565783329292106e-01  1.209663606087762e+03
4.736155767056219e-01  4.919969942326181e+02  8.575099744681133e+01  3.607330434677183e-01  1.219866958914449e+03
4.847483419905152e-01  5.056349936389871e+02  9.069802104071543e+01  3.645956040403859e-01  1.230190935675991e+03
4.960542116534122e-01  5.196024217095036e+02  9.581652252720515e+01  3.681782414592851e-01  1.240628406451650e+03
5.075345211463239e-01  5.339057995395004e+02  1.011074486294720e+02  3.714936302249421e-01  1.251172528686903e+03
5.191906059212608e-01  5.485516698119426e+02  1.065717341343225e+02  3.745546938824466e-01  1.261816756125811e+03
5.310238014302340e-01  5.635465964738307e+02  1.122103115957455e+02  3.773744350641661e-01  1.272554843429292e+03
5.430354431252543e-01  5.788971646226804e+02  1.180241197810517e+02  3.799657925860433e-01  1.283380847127859e+03
5.552268664583324e-01  5.946099805711059e+02  1.240141109452806e+02  3.823415235054592e-01  1.294289123512558e+03
5.675994068814793e-01  6.106916720604088e+02  1.301812570281427e+02  3.845141077591989e-01  1.305274324015046e+03
5.801543998467056e-01  6.271488885971547e+02  1.365265548717253e+02  3.864956730243497e-01  1.316331388571165e+03
5.928931808060224e-01  6.439883018903638e+02  1.430510305546935e+02  3.882979371781788e-01  1.327455537400214e+03
6.058170852114403e-01  6.612166063637239e+02  1.497557429577534e+02  3.899321658586989e-01  1.338642261612185e+03
6.189274485149704e-01  6.788405197405145e+02  1.566417865969921e+02  3.914091433713377e-01  1.349887312877529e+03
6.322256061686232e-01  6.968667836611559e+02  1.637102938994548e+02  3.927391546078111e-01  1.361186692586940e+03
6.457128936244100e-01  7.153021643438195e+02  1.709624369162454e+02  3.939319758011507e-01  1.372536640592065e+03
6.593906463343411e-01  7.341534532640471e+02  1.783994285916245e+02  3.949968729124276e-01  1.383933623798104e+03
6.732601997504277e-01  7.534274678476305e+02  1.860225236409128e+02  3.959426061327496e-01  1.395374324744199e+03
6.873228893246806e-01  7.731310521686637e+02  1.938330190964285e+02  3.967774391119164e-01  1.406855630299285e+03
7.015800505091105e-01  7.932710776464238e+02  2.018322545734320e+02  3.975091518917655e-01  1.418374620573245e+03
7.160330187557283e-01  8.138544437347989e+02  2.100216123052189e+02  3.981450566118390e-01  1.429928558125052e+03
7.306831295165448e-01  8.348880786034223e+02  2.184025169763719e+02  3.986920153081956e-01  1.441514877509905e+03
7.455317182435709e-01  8.563789398011568e+02  2.269764354089361e+02  3.991564590998576e-01  1.453131175235273e+03
7.605801203888173e-01  8.783340149055879e+02  2.357448761113456e+02  3.995444081931170e-01  1.464775200125161e+03
7.758296714042950e-01  9.007603221526140e+02  2.447093887287153e+02  3.998614923680028e-01  1.476444844127984e+03
7.912817067420147e-01  9.236649110461547e+02  2.538715634126367e+02  4.001129715793601e-01  1.488138133570744e+03
8.069375618539875e-01  9.470548629466729e+02  2.632330301300779e+02  4.003037563765532e-01  1.499853220861877e+03
8.227985721922239e-01  9.709372916379560e+02  2.727954579275411e+02  4.004384279509527e-01  1.511588376638789e+03
8.388660732087350e-01  9.953193438718118e+02  2.825605541640444e+02  4.005212576467278e-01  1.523341982351644e+03
8.551414003555313e-01  1.020208199890636e+03  2.925300637243183e+02  4.005562258161715e-01  1.535112523271730e+03
8.716258890846239e-01  1.045611073927982e+03  3.027057682216699e+02  4.005470399349851e-01  1.546898581910214e+03
8.883208748480237e-01  1.071535214687435e+03  3.130894851983346e+02  4.004971519208634e-01  1.558698831831421e+03
9.052276930977414e-01  1.097987905800211e+03  3.236830673297079e+02  4.004097746213098e-01  1.570512031843547e+03
9.223476792857876e-01  1.124976466262015e+03  3.344884016376373e+02  4.002878974546812e-01  1.582337020549081e+03
9.396821688641737e-01  1.152508250849767e+03  3.455074087169467e+02  4.001432483130389e-01  1.594172711236854e+03
9.572324972849101e-01  1.180590650518824e+03  3.567420419784369e+02  4.000595887063400e-01  1.606018087097610e+03
