0.999874  6.28801e-05  6.288e-05  0
0.999828  8.61713e-05  8.61711e-05  0
0.99977  0.000115177  0.000115176  0
0.999698  0.000150925  0.000150924  0
0.999611  0.000194566  0.000194565  0
0.999505  0.000247381  0.000247379  0
0.999378  0.000310787  0.000310783  0
0.999227  0.00038634  0.000386334  0
0.999049  0.000475748  0.000475738  0
0.998838  0.000580868  0.000580853  0
0.998593  0.000703711  0.000703688  0
0.998307  0.000846383  0.000846405  0
0.997977  0.00101131  0.00101132  0
0.997598  0.00120088  0.00120088  0
0.997165  0.00141767  0.00141767  0
0.996671  0.00166441  0.00166441  0
0.996112  0.00194388  0.00194388  0
0.995482  0.00225895  0.00225895  0
0.994775  0.00261252  0.00261252  0
0.993985  0.00300749  0.00300749  0
0.993107  0.00344668  0.00344668  0
0.992134  0.00393283  0.00393283  0
0.991063  0.00446847  0.00446847  0
0.989888  0.00505591  0.00505591  0
0.988606  0.00569712  0.00569712  0
0.987213  0.00639369  0.00639369  0
0.985707  0.00714674  0.00714674  0
0.984086  0.00795681  0.00795681  0
0.982352  0.00882384  0.00882384  0
0.980506  0.00974709  0.00974709  0
0.97855  0.0107251  0.0107251  0
0.976489  0.0117556  0.0117556  0
0.974329  0.0128356  0.0128356  0
0.972077  0.0139613  0.0139613  0
0.969744  0.0151281  0.0151281  0
0.967338  0.0163309  0.0163309  0
0.964872  0.0175638  0.0175638  0
0.962359  0.0188204  0.0188204  0
0.959812  0.0200939  0.0200939  0
0.957245  0.0213773  0.0213773  0
0.954674  0.0226632  0.0226632  0
0.952111  0.0239443  0.0239443  0
0.949573  0.0252134  0.0252134  0
0.947073  0.0264636  0.0264636  0
0.944624  0.0276881  0.0276881  0
0.942238  0.0288808  0.0288808  0
0.939928  0.030036  0.030036  0
0.937702  0.0311489  0.0311489  0
0.93557  0.0322151  0.0322151  0
0.933538  0.0332312  0.0332312  0
0.931611  0.0341947  0.0341947  0
0.929792  0.0351038  0.0351038  0
0.928085  0.0359575  0.0359575  0
0.926488  0.0367561  0.0367561  0
0.924999  0.0375004  0.0375004  0
0.923616  0.0381922  0.0381922  0
0.922332  0.0388341  0.0388341  0
0.921141  0.0394295  0.0394295  0
0.920035  0.0399823  0.0399823  0
0.919005  0.0404973  0.0404973  0
0.918041  0.0409797  0.0409797  0
0.91713  0.041435  0.041435  0
0.916261  0.0418694  0.0418694  0
0.915422  0.0422889  0.0422889  0
0.9146  0.0427  0.0427  0
0.913782  0.0431089  0.0431088  0
0.912956  0.0435218  0.0435218  0
0.911929  0.0440356  0.0439042  0.000131483
0.910557  0.0447216  0.0442303  0.000491273
0.908995  0.0455023  0.0445418  0.000960529
0.90728  0.04636  0.0448531  0.00150686
0.905424  0.0472878  0.0451735  0.00211423
0.903434  0.0482828  0.0455095  0.00277326
0.901311  0.0493443  0.0458662  0.00347801
0.899056  0.050472  0.0462474  0.00422453
0.896668  0.0516661  0.046656  0.00501009
0.894147  0.0529266  0.047094  0.00583269
0.891493  0.0542535  0.0475627  0.00669071
0.888708  0.0556458  0.048063  0.00758281
0.885795  0.0571026  0.0485949  0.00850766
0.882756  0.058622  0.0491581  0.00946394
0.879596  0.0602018  0.0497516  0.0104502
0.876322  0.061839  0.0503743  0.0114648
0.87294  0.0635302  0.0510243  0.0125059
0.869457  0.0652713  0.0516998  0.0135716
0.865885  0.0670577  0.0523982  0.0146595
0.862231  0.0688843  0.053117  0.0157673
0.858509  0.0707455  0.0538533  0.0168922
0.854729  0.0726355  0.054604  0.0180315
0.850904  0.0745482  0.055366  0.0191822
0.847046  0.076477  0.0561359  0.0203411
0.843169  0.0784155  0.0569105  0.021505
0.839286  0.0803572  0.0576865  0.0226708
0.835409  0.0822956  0.0584605  0.0238352
0.831551  0.0842244  0.0592294  0.024995
0.827725  0.0861374  0.0599902  0.0261472
0.823942  0.0880288  0.0607401  0.0272888
0.820213  0.0898934  0.0614764  0.028417
0.816548  0.0917261  0.0621967  0.0295294
0.812955  0.0935223  0.062899  0.0306234
0.809443  0.0952783  0.0635813  0.031697
0.806019  0.0969904  0.064242  0.0327483
0.802688  0.0986558  0.06488  0.0337758
0.799456  0.100272  0.065494  0.0347781
0.796325  0.101837  0.0660834  0.0357541
0.793299  0.10335  0.0666475  0.0367029
0.79038  0.10481  0.0671862  0.0376241
0.787567  0.106216  0.0676992  0.0385171
0.784863  0.107569  0.0681867  0.0393818
0.782266  0.108867  0.068649  0.0402182
0.779774  0.110113  0.0690864  0.0410265
0.777387  0.111306  0.0694994  0.0418069
0.775103  0.112449  0.0698887  0.0425598
0.772918  0.113541  0.070255  0.0432858
0.770831  0.114584  0.0705989  0.0439855
0.768838  0.115581  0.0709215  0.0446596
0.766936  0.116532  0.0712234  0.0453087
0.765122  0.117439  0.0715056  0.0459336
0.763392  0.118304  0.0717689  0.0465351
0.761743  0.119128  0.0720142  0.0471141
0.760173  0.119914  0.0722425  0.0476712
0.758676  0.120662  0.0724545  0.0482075
0.757251  0.121375  0.0726511  0.0487235
0.755893  0.122053  0.0728331  0.0492203
0.7546  0.1227  0.0730014  0.0496985
0.753369  0.123316  0.0731566  0.0501589
0.752196  0.123902  0.0732996  0.0506022
0.751079  0.12446  0.073431  0.0510293
0.750015  0.124992  0.0735516  0.0514408
0.749001  0.125499  0.0736619  0.0518374
0.748036  0.125982  0.0737626  0.0522196
0.747115  0.126443  0.0738543  0.0525883
0.746237  0.126881  0.0739375  0.0529439
0.7454  0.1273  0.0740127  0.0532871
0.744602  0.127699  0.0740805  0.0536183
0.743841  0.128079  0.0741413  0.0539382
0.743115  0.128443  0.0741955  0.0542471
0.742421  0.128789  0.0742437  0.0545457
0.741759  0.12912  0.0742861  0.0548344
0.741127  0.129437  0.0743231  0.0551135
0.740523  0.129739  0.0743551  0.0553835
0.739945  0.130027  0.0743824  0.0556448
0.739394  0.130303  0.0744054  0.0558978
0.738866  0.130567  0.0744242  0.0561428
0.738361  0.130819  0.0744392  0.0563802
0.737878  0.131061  0.0744507  0.0566103
0.737416  0.131292  0.0744588  0.0568333
0.736973  0.131514  0.0744638  0.0570497
0.736549  0.131726  0.074466  0.0572596
0.736142  0.131929  0.0744654  0.0574634