0.999939  3.02565e-05  3.02624e-05  0
0.999919  4.06123e-05  4.06122e-05  0
0.999894  5.30018e-05  5.30017e-05  0
0.999865  6.77158e-05  6.77157e-05  0
0.99983  8.50648e-05  8.50645e-05  0
0.999789  0.000105386  0.000105385  0
0.999742  0.000129043  0.000129043  0
0.999687  0.000156432  0.00015643  0
0.999624  0.000187976  0.000187974  0
0.999552  0.000224132  0.000224129  0
0.999469  0.000265394  0.000265389  0
0.999375  0.000312288  0.000312281  0
0.999269  0.00036538  0.000365371  0
0.999149  0.000425275  0.000425263  0
0.999015  0.000492622  0.000492604  0
0.998864  0.000568109  0.000568085  0
0.998695  0.000652418  0.000652441  0
0.998507  0.000746443  0.000746455  0
0.998298  0.000850958  0.000850958  0
0.998066  0.000966834  0.000966834  0
0.99781  0.00109502  0.00109502  0
0.997527  0.0012365  0.0012365  0
0.997215  0.00139232  0.00139232  0
0.996873  0.00156358  0.00156358  0
0.996497  0.00175145  0.00175145  0
0.996086  0.00195713  0.00195713  0
0.995636  0.00218192  0.00218192  0
0.995146  0.00242715  0.00242715  0
0.994612  0.00269422  0.00269422  0
0.994031  0.0029846  0.0029846  0
0.9934  0.00329979  0.00329979  0
0.992717  0.00364138  0.00364138  0
0.991978  0.00401101  0.00401101  0
0.991179  0.00441037  0.00441037  0
0.990318  0.00484119  0.00484119  0
0.989389  0.00530528  0.00530528  0
0.988391  0.00580446  0.00580445  0
0.987319  0.0063406  0.0063406  0
0.986169  0.00691563  0.00691563  0
0.984937  0.00753147  0.00753147  0
0.98362  0.00819009  0.00819009  0
0.982213  0.00889344  0.00889344  0
0.980713  0.00964351  0.00964351  0
0.979115  0.0104423  0.0104423  0
0.977417  0.0112916  0.0112916  0
0.975613  0.0121936  0.0121935  0
0.9737  0.0131499  0.0131499  0
0.971675  0.0141625  0.0141625  0
0.969534  0.0152331  0.0152331  0
0.967273  0.0163634  0.0163634  0
0.96489  0.017555  0.017555  0
0.962381  0.0188093  0.0188093  0
0.959745  0.0201277  0.0201277  0
0.956977  0.0215114  0.0215114  0
0.954077  0.0229615  0.0229615  0
0.951042  0.0244789  0.0244789  0
0.947871  0.0260643  0.0260643  0
0.944564  0.0277182  0.0277182  0
0.941118  0.029441  0.029441  0
0.937535  0.0312327  0.0312327  0
0.933813  0.0330933  0.0330933  0
0.929955  0.0350224  0.0350224  0
0.925961  0.0370194  0.0370194  0
0.921833  0.0390835  0.0390835  0
0.917573  0.0412137  0.0412137  0
0.913183  0.0434086  0.0434086  0
0.908453  0.0457736  0.0456192  0.000154334
0.902665  0.0486675  0.0476682  0.000999241
0.896341  0.0518296  0.0496465  0.00218309
0.889664  0.0551681  0.0515812  0.00358681
0.88273  0.0586352  0.0534832  0.00515199
0.875602  0.0621992  0.0553577  0.00684147
0.868327  0.0658365  0.0572078  0.00862869
0.860943  0.0695283  0.0590349  0.0104934
0.853482  0.073259  0.0608397  0.0124193
0.845969  0.0770154  0.0626222  0.0143933
0.838428  0.080786  0.064382  0.016404
0.830879  0.0845606  0.0661188  0.0184419
0.82334  0.0883302  0.0678315  0.0204987
0.815827  0.0920864  0.0695194  0.022567
0.808356  0.0958219  0.0711815  0.0246404
0.80094  0.0995298  0.0728166  0.0267131
0.793593  0.103204  0.0744237  0.0287799
0.786324  0.106838  0.0760017  0.0308362
0.779146  0.110427  0.0775493  0.0328775
0.772068  0.113966  0.0790656  0.0349002
0.7651  0.11745  0.0805494  0.0369008
0.758248  0.120876  0.0819997  0.038876
0.751523  0.124239  0.0834156  0.0408231
0.744929  0.127535  0.084796  0.0427394
0.738474  0.130763  0.0861403  0.0446227
0.732162  0.133919  0.0874477  0.046471
0.726  0.137  0.0887177  0.0482825
0.719989  0.140005  0.0899498  0.0500557
0.714134  0.142933  0.0911436  0.0517893
0.708437  0.145781  0.092299  0.0534823
0.7029  0.14855  0.0934159  0.055134
0.697523  0.151238  0.0944945  0.0567438
0.692308  0.153846  0.095535  0.0583113
0.687252  0.156374  0.0965377  0.0598364
0.682355  0.158822  0.0975032  0.0613192
0.677616  0.161192  0.0984322  0.0627599
0.673031  0.163484  0.0993254  0.064159
0.668599  0.165701  0.100184  0.065517
0.664315  0.167843  0.101008  0.0668346
0.660176  0.169912  0.101799  0.0681127
0.656178  0.171911  0.102559  0.0693521
0.652317  0.173842  0.103288  0.0705538
0.648587  0.175706  0.103987  0.071719
0.644985  0.177507  0.104658  0.0728488
0.641506  0.179247  0.105303  0.0739443
0.638145  0.180928  0.105921  0.0750067
0.634896  0.182552  0.106515  0.0760372
0.631756  0.184122  0.107085  0.0770369
0.62872  0.18564  0.107633  0.0780072
0.625782  0.187109  0.10816  0.0789491
0.622938  0.188531  0.108667  0.0798638
0.620185  0.189908  0.109155  0.0807524
0.617517  0.191241  0.109625  0.0816161
0.614931  0.192535  0.110079  0.0824558
0.612422  0.193789  0.110516  0.0832727
0.609988  0.195006  0.110938  0.0840677
0.607624  0.196188  0.111346  0.0848417
0.605326  0.197337  0.111741  0.0855957
0.603093  0.198454  0.112123  0.0863304
0.60092  0.19954  0.112493  0.0870468
0.598805  0.200598  0.112852  0.0877456
0.596744  0.201628  0.1132  0.0884276
0.594736  0.202632  0.113538  0.0890935
0.592778  0.203611  0.113867  0.0897438
0.590867  0.204566  0.114187  0.0903794
0.589002  0.205499  0.114498  0.0910007
0.58718  0.20641  0.114802  0.0916084
0.585399  0.2073  0.115097  0.092203
0.583658  0.208171  0.115386  0.092785
0.581955  0.209023  0.115668  0.0933549
0.580288  0.209856  0.115943  0.0939131
0.578655  0.210672  0.116212  0.0944602
0.577056  0.211472  0.116476  0.0949964
0.575488  0.212256  0.116734  0.0955223
0.573951  0.213024  0.116986  0.0960381
0.572444  0.213778  0.117234  0.0965442
0.570965  0.214518  0.117477  0.097041
0.569512  0.215244  0.117715  0.0975287
0.568086  0.215957  0.117949  0.0980077
0.566686  0.216657  0.118179  0.0984783
0.565309  0.217345  0.118405  0.0989407
0.563956  0.218022  0.118627  0.0993951
0.562626  0.218687  0.118845  0.0998419
0.561318  0.219341  0.11906  0.100281