1.45087597e+04  2.66911177e+05  1.92762215e+04  9.73333593e+01  2.68305315e+02  -1.42614901e+01  -2.00592571e+04  -2.05056897e+02
2.66911177e+05  9.21759758e+06  2.14979107e+05  2.31402971e+03  4.06176813e+03  -1.89416853e+02  2.93750541e+05  -3.55050531e+03
1.92762215e+04  2.14979107e+05  9.66016365e+04  8.27772186e+01  6.63029063e+02  -4.12859633e+01  -3.63918283e+04  -2.04323827e+02
9.73333593e+01  2.31402971e+03  8.27772186e+01  9.61931186e-01  9.89590823e-01  -5.43461963e-02  -9.56537939e+01  -1.97246964e+00
2.68305315e+02  4.06176813e+03  6.63029063e+02  9.89590823e-01  1.64430634e+01  -9.15098588e-01  -3.58733596e+02  -1.65130725e+00
-1.42614901e+01  -1.89416853e+02  -4.12859633e+01  -5.43461963e-02  -9.15098588e-01  5.36578113e-02  2.39221594e+01  1.01710472e-01
-2.00592571e+04  2.93750541e+05  -3.63918283e+04  -9.56537939e+01  -3.58733596e+02  2.39221594e+01  1.84636958e+05  4.93288634e+02
-2.05056897e+02  -3.55050531e+03  -2.04323827e+02  -1.97246964e+00  -1.65130725e+00  1.01710472e-01  4.93288634e+02  4.74324483e+00